200 → 201
2,207,026,470[3]
286.44%[4]
13,669,361,700
201 → 202
2,471,869,646
12%
16,141,231,346
202 → 203
2,768,494,003
12%
18,909,725,349
203 → 204
3,100,713,283
12%
22,010,438,632
204 → 205
3,472,798,876
12%
25,483,237,508
205 → 206
3,889,534,741
12%
29,372,772,249
206 → 207
4,356,278,909
12%
33,729,051,158
207 → 208
4,879,032,378
12%
38,608,083,536
208 → 209
5,464,516,263
12%
44,072,599,799
209 → 210
6,120,258,214
12%
50,192,858,013
210 → 211
7,956,335,678
30%
58,149,193,691
211 → 212
8,831,532,602
11%
66,980,726,293
212 → 213
9,803,001,188
11%
76,783,727,481
213 → 214
10,881,331,318[5]
11%
87,665,058,799
214 → 215
12,078,277,762
11%
99,743,336,561
215 → 216
15,701,761,090
30%
115,445,097,651
216 → 217
17,114,919,588
9%
132,560,017,239
217 → 218
18,655,262,350
9%
151,215,279,589
218 → 219
20,334,235,961
9%
171,549,515,550
219 → 220
22,164,317,197
9%
193,713,832,747
220 → 221
28,813,612,356
30%
222,527,445,103
221 → 222
30,830,565,220
7%
253,358,010,323
222 → 223
32,988,704,785
7%
286,346,715,108
223 → 224
35,297,914,119
7%
321,644,629,227
224 → 225
37,768,768,107
7%
359,413,397,334
225 → 226
49,099,398,539
30%
408,512,795,873
226 → 227
52,536,356,436
7%
461,049,152,309
227 → 228
56,213,901,386
7%
517,263,053,695
228 → 229
60,148,874,483
7%
577,411,928,178
229 → 230
64,359,295,696
7%
641,771,223,874
230 → 231
83,667,084,404
30%
725,438,308,278
231 → 232
86,177,096,936
3%
811,615,405,214
232 → 233
88,762,409,844
3%
900,377,815,058
233 → 234
91,425,282,139
3%
991,803,097,197
234 → 235
94,168,040,603
3%
1,085,971,137,800
235 → 236
122,418,452,783[6]
30%
1,208,389,590,583
236 → 237
126,091,006,366
3%
1,334,480,596,949
237 → 238
129,873,736,556
3%
1,464,354,333,505
238 → 239
133,769,948,652
3%
1,598,124,282,157
239 → 240
137,783,047,111
3%
1,735,907,329,268
240 → 241
179,117,961,244
30%
1,915,025,290,512
241 → 242
184,491,500,081
3%
2,099,516,790,593
242 → 243
190,026,245,083
3%
2,289,543,035,676
243 → 244
195,727,032,435
3%
2,485,270,068,111
244 → 245
201,598,843,408
3%
2,686,868,911,519
245 → 246
262,078,496,430
30%
2,948,947,407,949
246 → 247
269,940,851,322
3%
3,218,888,259,271
247 → 248
278,039,076,861
3%
3,496,927,336,132
248 → 249
286,380,249,166
3%
3,783,307,585,298
249 → 250
294,971,656,640
3%
4,078,279,241,938
250 → 251
442,457,484,960
50%
4,520,736,726,898
251 → 252
455,731,209,508
3%
4,976,467,936,406
252 → 253
469,403,145,793
3%
5,445,871,082,199
253 → 254
483,485,240,166
3%
5,929,356,322,365
254 → 255
497,989,797,370
3%
6,427,346,119,735
255 → 256
512,929,491,291
3%
6,940,275,611,026
256 → 257
528,317,376,029
3%
7,468,592,987,055
257 → 258
544,166,897,309
3%
8,012,759,884,364
258 → 259
560,491,904,228
3%
8,573,251,788,592
259 → 260
577,306,661,354[7]
3%
9,150,558,449,946[8]