260 → 261
1,731,919,984,062[9]
200%
10,882,478,434,008
0.128%
261 → 262
1,749,239,183,902
1%
12,631,717,617,910
0.148%
262 → 263
1,766,731,575,741
1%
14,398,449,193,651
0.169%
263 → 264
1,784,398,891,498
1%
16,182,848,085,149
0.190%
264 → 265
1,802,242,880,412
1%
17,985,090,965,561
0.211%
265 → 266
2,342,915,744,535
30%
20,328,006,710,096
0.239%
266 → 267
2,366,344,901,980
1%
22,694,351,612,076
0.267%
267 → 268
2,390,008,350,999
1%
25,084,359,963,075
0.295%
268 → 269
2,413,908,434,508
1%
27,498,268,397,583
0.323%
269 → 270
2,438,047,518,853
1%
29,936,315,916,436
0.352%
270 → 271
5,412,465,491,853
122%
35,348,781,408,289
0.415%
271 → 272
5,466,590,146,771
1%
40,815,371,555,060
0.479%
272 → 273
5,521,256,048,238
1%
46,336,627,603,298
0.544%
273 → 274
5,576,468,608,720
1%
51,913,096,212,018
0.610%
274 → 275
5,632,233,294,807
1%
57,545,329,506,825
0.676%
275 → 276
11,377,111,255,510[10]
102%
68,922,440,762,335
0.810%
276 → 277
12,514,822,381,061
10%
81,437,263,143,396
0.957%
277 → 278
13,766,304,619,167
10%
95,203,567,7682,563
1.118%
278 → 279
15,142,935,081,083
10%
110,346,502,843,646
1.296%
279 → 280
16,657,228,589,191
10%
127,003,731,432,837
1.492%
280 → 281
33,647,601,750,165
102%
160,651,333,183,002
1.887%
281 → 282
37,012,361,925,181
10%
197,663,695,108,183
2.322%
282 → 283
40,713,598,117,699
10%
238,377,293,225,882
2.800%
283 → 284
44,784,957,929,468
10%
283,162,251,155,350
3.326%
284 → 285
49,263,453,722,414
10%
332,425,704,877,764
3.904%
285 → 286
99,512,176,519,276
102%
431,937,881,397,040
5.073%
286 → 287
109,463,394,171,203[11]
10%
541,401,275,568,243
6.359%
287 → 288
120,409,733,588,323
10%
661,811,009,156,566
7.773%
288 → 289
132,450,706,947,155
10%
794,261,716,103,721
9.329%
289 → 290
145,695,777,641,870
10%
939,957,493,745,591
11.040%
290 → 291
294,305,470,836,577
102%
1,234,262,964,582,168
14.497%
291 → 292
323,736,017,920,234
10%
1,557,998,982,502,402
18.299%
292 → 293
356,109,619,712,257
10%
1,914,108,602,214,659
22.482%
293 → 294
391,720,581,683,482
10%
2,305,829,183,898,141
27.083%
294 → 295
430,892,639,851,830
10%
2,736,721,823,749,971
32.144%
295 → 296
870,403,132,500,696
102%
3,607,124,956,250,667
42.367%
296 → 297
957,443,445,750,765
10%
4,564,568,402,001,432
53.612%
297 → 298
1,053,187,790,325,841[12]
10%
5,617,756,192,327,273
65.982%
298 → 299
1,158,506,569,358,425
10%
6,776,262,761,685,698
79.589%
299 → 300
1,737,759,854,037,637[13]
50%
8,514,022,615,723,335[14]
100.000%