1 → 2
15
-
15
2 → 3
34
126.67%
49
3 → 4
57
67.65%
106
4 → 5
92
61.40%
198
5 → 6
135
46.74%
333
6 → 7
372
175.56%
705
7 → 8
560
50.53%
1,265
8 → 9
840
50%
2,105
9 → 10
1,242
47.86%
3,347
10 → 11
1,242
0%
4,589
11 → 12
1,242
0%
5,831
12 → 13
1,242
0%
7,073
13 → 14
1,242
0%
8,315
14 → 15
1,242
0%
9,557
15 → 16
1,490
20%
11,047
16 → 17
1,788
20%
12,835
17 → 18
2,145
20%
14,980
18 → 19
2,574
20%
17,554
19 → 20
3,088
20%
20,642
20 → 21
3,705
20%
24,347
21 → 22
4,446
20%
28,793
22 → 23
5,335
20%
34,128
23 → 24
6,402
20%
40,530
24 → 25
7,682
20%
48,212
25 → 26
9,218
20%
57,430
26 → 27
11,061
20%
68,491
27 → 28
13,273
20%
81,764
28 → 29
15,927
20%
97,691
29 → 30
19,112
20%
116,803
30 → 31
19,112
0%
135,915
31 → 32
19,112
0%
155,027
32 → 33
19,112
0%
174,139
33 → 34
19,112
0%
193,251
34 → 35
19,112
0%
212,363
35 → 36
22,934
20%
235,297
36 → 37
27,520
20%
262,817
37 → 38
33,024
20%
295,841
38 → 39
39,628
20%
335,469
39 → 40
47,553
20%
383,022
40 → 41
51,357
8%
434,379
41 → 42
55,465
8%
489,844
42 → 43
59,902
8%
549,746
43 → 44
64,694
8%
614,440
44 → 45
69,869
8%
684,309
45 → 46
75,458
8%
759,767
46 → 47
81,494
8%
841,261
47 → 48
88,013
8%
929,274
48 → 49
95,054
8%
1,024,328
49 → 50
102,658
8%
1,126,986
50 → 51
110,870
8%
1,237,856
51 → 52
119,739
8%
1,357,595
52 → 53
129,318
8%
1,486,913
53 → 54
139,663
8%
1,626,576
54 → 55
150,836
8%
1,777,412
55 → 56
162,902
8%
1,940,314
56 → 57
175,934
8%
2,116,248
57 → 58
190,008
8%
2,306,256
58 → 59
205,208
8%
2,511,464
59 → 60
221,624
8%
2,733,088
60 → 61
221,624
0%
2,954,712
61 → 62
221,624
0%
3,176,336
62 → 63
221,624
0%
3,397,960
63 → 64
221,624
0%
3,619,584
64 → 65
221,624
0%
3,841,208
65 → 66
238,245
7.5%
4,079,453
66 → 67
256,113
7.5%
4,335,566
67 → 68
275,321
7.5%
4,610,887
68 → 69
295,970
7.5%
4,906,857
69 → 70
318,167
7.5%
5,225,024
70 → 71
342,029
7.5%
5,567,053
71 → 72
367,681
7.5%
5,934,734
72 → 73
395,257
7.5%
6,329,991
73 → 74
424,901
7.5%
6,754,892
74 → 75
456,768
7.5%
7,211,660
75 → 76
488,741
7%
7,700,401
76 → 77
522,952
7%
8,223,353
77 → 78
559,558
7%
8,782,911
78 → 79
598,727
7%
9,381,638
79 → 80
640,637
7%
10,022,275
80 → 81
685,481
7%
10,707,756
81 → 82
733,464
7%
11,441,220
82 → 83
784,806
7%
12,226,026
83 → 84
839,742
7%
13,065,768
84 → 85
898,523
7%
13,964,291
85 → 86
961,419
7%
14,925,710
86 → 87
1,028,718
7%
15,954,428
87 → 88
1,100,728
7%
17,055,156
88 → 89
1,177,778
7%
18,232,934
89 → 90
1,260,222
7%
19,493,156
90 → 91
1,342,136
6.5%
20,835,292
91 → 92
1,429,374
6.5%
22,264,666
92 → 93
1,522,283
6.5%
23,786,949
93 → 94
1,621,231
6.5%
25,408,180
94 → 95
1,726,611
6.5%
27,134,791
95 → 96
1,838,840
6.5%
28,973,631
96 → 97
1,958,364
6.5%
30,931,995
97 → 98
2,085,657
6.5%
33,017,652
98 → 99
2,221,224
6.5%
35,238,876
99 → 100
2,365,603
6.5%
37,604,479
100 → 101
2,365,603
0%
39,970,082
101 → 102
2,365,603
0%
42,335,685
102 → 103
2,365,603
0%
44,701,288
103 → 104
2,365,603
0%
47,066,891
104 → 105
2,365,603
0%
49,432,494
105 → 106
2,519,367
6.5%
51,951,861
106 → 107
2,683,125
6.5%
54,634,986
107 → 108
2,857,528
6.5%
57,492,514
108 → 109
3,043,267
6.5%
60,535,781
109 → 110
3,241,079
6.5%
63,776,860
110 → 111
3,451,749
6.5%
67,228,609
111 → 112
3,676,112
6.5%
70,904,721
112 → 113
3,915,059
6.5%
74,819,780
113 → 114
4,169,537
6.5%
78,989,317
114 → 115
4,440,556
6.5%
83,429,873
115 → 116
4,729,192
6.5%
88,159,065
116 → 117
5,036,589
6.5%
93,195,654
117 → 118
5,363,967
6.5%
98,559,621
118 → 119
5,712,624
6.5%
104,272,245
119 → 120
6,083,944
6.5%
110,356,189
120 → 121
6,479,400
6.5%
116,835,589
121 → 122
6,900,561
6.5%
123,736,150
122 → 123
7,349,097
6.5%
131,085,247
123 → 124
7,826,788
6.5%
138,912,035
124 → 125
8,335,529
6.5%
147,247,564
125 → 126
8,877,338
6.5%
156,124,902
126 → 127
9,454,364
6.5%
165,579,266
127 → 128
10,068,897
6.5%
175,648,163
128 → 129
10,723,375
6.5%
186,371,538
129 → 130
11,420,394
6.5%
197,791,932
130 → 131
12,162,719
6.5%
209,954,651
131 → 132
12,953,295
6.5%
222,907,946
132 → 133
13,795,259
6.5%
236,703,205
133 → 134
14,691,950
6.5%
251,395,155
134 → 135
15,646,926
6.5%
267,042,081
135 → 136
16,663,976
6.5%
283,706,057
136 → 137
17,747,134
6.5%
301,453,191
137 → 138
18,900,697
6.5%
320,353,888
138 → 139
20,129,242
6.5%
340,483,130
139 → 140
21,437,642
6.5%
361,920,772
140 → 141
22,777,494
6.25%
384,698,266
141 → 142
24,201,087
6.25%
408,899,353
142 → 143
25,713,654
6.25%
434,613,007
143 → 144
27,320,757
6.25%
461,933,764
144 → 145
29,028,304
6.25%
490,962,068
145 → 146
30,842,573
6.25%
521,804,641
146 → 147
32,770,233
6.25%
554,574,874
147 → 148
34,818,372
6.25%
589,393,246
148 → 149
36,994,520
6.25%
626,387,766
149 → 150
39,306,677
6.25%
665,694,443
150 → 151
41,763,344
6.25%
707,457,787
151 → 152
44,373,553
6.25%
751,831,340
152 → 153
47,146,900
6.25%
798,978,240
153 → 154
50,093,581
6.25%
849,071,821
154 → 155
53,224,429
6.25%
902,296,250
155 → 156
56,550,955
6.25%
958,847,205
156 → 157
60,085,389
6.25%
1,018,932,594
157 → 158
63,840,725
6.25%
1,082,773,319
158 → 159
67,830,770
6.25%
1,150,604,089
159 → 160
72,070,193
6.25%
1,222,674,282
160 → 161
76,574,580
6.25%
1,299,248,862
161 → 162
81,360,491
6.25%
1,380,609,353
162 → 163
86,445,521
6.25%
1,467,054,874
163 → 164
91,848,366
6.25%
1,558,903,240
164 → 165
97,588,888
6.25%
1,656,492,128
165 → 166
103,688,193
6.25%
1,760,180,321
166 → 167
110,168,705
6.25%
1,870,349,026
167 → 168
117,054,249
6.25%
1,987,403,275
168 → 169
124,370,139
6.25%
2,111,773,414
169 → 170
132,143,272
6.25%
2,243,916,686
170 → 171
138,750,435
5%
2,382,667,121
171 → 172
145,687,956
5%
2,528,355,077
172 → 173
152,972,353
5%
2,681,327,430
173 → 174
160,620,970
5%
2,841,948,400
174 → 175
168,652,018
5%
3,010,600,418
175 → 176
177,084,618
5%
3,187,685,036
176 → 177
185,938,848
5%
3,373,623,884
177 → 178
195,235,790
5%
3,568,859,674
178 → 179
204,997,579
5%
3,773,857,253
179 → 180
215,247,457
5%
3,989,104,710
180 → 181
226,009,829
5%
4,215,114,539
181 → 182
237,310,320
5%
4,452,424,859
182 → 183
249,175,836
5%
4,701,600,695
183 → 184
261,634,627
5%
4,963,235,322
184 → 185
274,716,358
5%
5,237,951,680
185 → 186
288,452,175
5%
5,526,403,855
186 → 187
302,874,783
5%
5,829,278,638
187 → 188
318,018,522
5%
6,147,297,160
188 → 189
333,919,448
5%
6,481,216,608
189 → 190
350,615,420
5%
6,831,832,028
190 → 191
368,146,191
5%
7,199,978,219
191 → 192
386,553,500
5%
7,586,531,719
192 → 193
405,881,175
5%
7,992,412,894
193 → 194
426,175,233
5%
8,418,588,127
194 → 195
447,483,994
5%
8,866,072,121
195 → 196
469,858,193
5%
9,335,930,314
196 → 197
493,351,102
5%
9,829,281,416
197 → 198
518,018,657
5%
10,347,300,073
198 → 199
543,919,589
5%
10,891,219,662
199 → 200
571,115,568[1]
5%
11,462,335,230[2]